index status
594750 1
594751 1
594752 1
594753 1
594754 1
594755 1
594756 1
594757 1
594758 1
594759 1
594760 1
594761 1
594762 1
594763 1
594764 1
594765 1
594766 1
594767 1
594768 1
594769 1
594770 1
594771 1
594772 1
594773 1
594774 1
594775 1
594776 1
594777 1
594778 1
594779 1
594780 1
594781 1
594782 1
594783 1
594784 1
594785 1
594786 1
594787 1
594788 1
594789 1
594790 1
594791 1
594792 1
594793 1
594794 1
594795 1
594796 1
594797 1
594798 1
594799 1
594800 1
594801 1
594802 1
594803 1
594804 1
594805 1
594806 1
594807 1
594808 1
594809 1
594810 1
594811 1
594812 1
594813 1
594814 1
594815 1
594816 1
594817 1
594818 1
594819 1
